350267770
343425161
343933925
343357976
345878953
350295948
343289419
348266594
343875746
343324000
343386884
343322392
343461232
343338778
350295913
343335121
343451746
343570602
343451175
343387676
343287090
343270419
343456703
349631267
350295930
343328902
343541652
343373536
343474565
350274104
343390142
343306718
343267647
343393245
343285441
343356200
350299347
343361598
343285581
348195918
343442745
343267811
343307930
343398004
343470936
343441515
343963443
343354148
350295617
343332409
343412466
343348504
345438113
344896394
343305546
343275772
343493227
343398657
343329223
343386181
343467122
343272571
343376414
343382115
343919106
343456737
343451381
343317848
343517033
349589788
343369468
343395950
343349601
343404455
350295620
343568895
343251989
343361697
348843285
350295616
350295939
343296992
343297271
350269381
343504833
343458642
343307740
343324091
350322767
343406641
343260709
345380042
343513891
343269932
343269965
343567590
345875397
343371274
343264305
350295920
345492581
350295604
350271055
350295622
343545158
343290474
343398616
345329684
350295549
343294807
343298717
343878898
343359667
350313230
343264610
343326716
343697983
343470050
344083894
343349791
343487328
343350054
350313507
343557195
343307484
343346870
343351805
343307310
343348744
343448445
343895504
345681183
343389888
343417358
343285573
350295964
343487237
343310892
343366829
343884359
343390480
343334256
343334447
343488730
343694303
343881116
343341269
343592721
343544706
343465860
343370995
343314753
343392239
343271854
343600011
343452785
343272332
343290797
343599130
349188953
343433843
350295618
343917993
343576146
343394185
350295953
343368601
343856068
343358099
343441127
343285391
343355418
343364162
343328480
343366977
343333829
343253019
350312668
343490538
343522736
343470944
343439998
350295958
343469573
343494670
350295954
343300182
350295946
343459954
343398509
343397139
350279129
343600789
343338257
343358131
343458998
343363297
343274312
343374948
343350658
343576864
343338760
344961727
343350013
344895784
343306841
343538211
344906656
343308797
343451233
343958062
343364121
343963708
343388666
345859698
344986435
343340287
343326294
343362703
343419800
343259974
349292227
350295943
343429148
343245148
343404570
343319265
343365698
349891077
343321337
343401436
343412383
343487922
350337060
348348764
343340162
345935803
343387395
350295967
343290052
350326680
343469466
343239109
350295630
343488755
343309712
343568077
344040829
343393377
350324248
343290607
348813395
343285599
343469193
343844601
344958335
343327961
343285177
343273488
343300604
343367108
343520854
343268306
343896965
343310389
343398020
343368767
343318549
345031207
343539805
343547337
350262445
342878378
350272822
343069290
342963634
342942810
342890514
342932852
342868957
343128864
342821535
343427357
342857307
342856051
350250795
350253937
342887353
343527008
342977014
342841608
345987069
342939469
342822699
350252864
343151007
343004867
342814423
342917234
342852316
343000386
342895208
350260473
343088316
343463832
349920280
343876207
350254278
342893054
349404376
342881232
343112090
342973658
342870938
342892965
342904422
342841996
342962958
343067104
350252272
342888740
342996543
343088522
342842762
342967981
343041653
342993342
343029070
345733919
342988516
343400586
342858271
342996220
342838349
342921004
350265779
343427340
342814274
343007571
342891785
342817327
342817475
342896412
343285631
343437505
342829082
342814076
342895398
342937273
350253347
342847316
350260808
342810215
342830262
343054946
350252987
342820610
342858347
342987690
343028437
342918166
343000444
342944568
344068937
342995560
343034856
344857651
342885977
342838430
342838935
345681316
342847829
342842226
342869070
342872124
342971017
342898228
342978889
349169961
342931250
342796380
343417747
350255538
345361018
343362885
343502894
342977055
343134326
342936358
343333159
342822186
350253938
350250504
342915303
343117107
343417994
342838562
342988060
342821584
342865987
342852126
342972403
343844205
343844858
342899283
343444923
350262502
345426423
343046868
342996279
342990181
343418356
342961547
345774046
345437099
342907045
343119269
342989134
342952652
342895588
342874542
342974615
348226804
342857471
342993474
343438925
349276832
342883717
343078663
343929675
342844321
348859158
343025946
342974680
342839008
342928348
342881703
342850534
342823390
344148317
344966981
342910312
342878923
343104972
343025920
343026530
350263688
343113965
344900618
342873494
343054458
342997103
342896933
342995628
342940301
342964426
350270799
342993599
342966710
342996097
342996576
343462453
342961323
342967940
342857976
342933496
342933470
342998150
343045746
342998895
342851961
348936394
343030813
350253943
342894151
342824752
342996121
342995719
343369377
343120481
342810280
343003430
343505921
342908670
342838893
350252871
343120572
342827755
343385928
343179073
342865946
343315057
342891462
342897816
342965134
342976248
350252234
343466280
349197814
343058202
342915469
342912516
345861900
343060943
342914199
350252879
342924958
342940202
350277141
343140141
342880911
349589721
342850104
349131516
342936325
343476602
344694724
343475760
343053229
342535689
344857776
342443652
342453438
348925314
342359825
342494713
342523883
342920634
342575503
342527876
342495413
342446481
342488939
342456993
342338365
349861351
342503067
345862593
345859664
345502561
342518347
342680121
349476630
343215323
344969589
342455375
342435732
343155321
342515764
342958923
342397916
342363801
342569035
342707148
342473311
342380987
342397957
342444346
342455672
342611647
343052338
342687670
342538436
350327576
342904299
342508348
345354955
349595843
342399151
342430576
342370822
349479871
342414125
342387743
342665221
342500873
342482452
342554037
342593613
349480630
342599156
342510047
342471786
342676848
342525805
342424876
342443801
345859391
342559416
342718848
343521670
342366556
342460235
348387135
343032470
342995859
342638228
342486149
342365970
342350592
342426202
342956554
342579109
345564611
342847399
349246827
342413085
343181780
349591016
342571858
342515723
342488483
349478263
342466679
342503323
342382520
349480458
342489119
349503837
342460961
342680220
342383023
342400470
342924008
342456720
342554045
345268874
342584745
342583721
342555984
342456811
342457306
342456910
342480357
349601245
342412699
342385267
342409653
345357230
342358116
342464187
342524386
342564549
342892726
342413192
342356888
342928249
343009155
342394202
342956703
342399441
342502697
343565966
342527603
342507035
343054904
343059358
349482685
342376720
342956596
342419835
342409828
342525136
342398153
342446747
342421740
342432838
342903317
342523644
342553757
342428372
342453883
342956604
345280994
342549730
343009213
349478461
342433414
342436136
342382793
342549946
342503380
342602992
342403565
342371820
342541778
350268128
342542081
342381753
349488500
344034962
343410619
342411535
342515822
342390424
342817616
350316934
342553989
342482627
343030854
343032371
342295284
342363181
342388105
342377314
342389129
342372034
342552981
342470242
342371234
342517984
342456019
343032421
343101119
342453321
348335514
349616929
342494267
342386109
342409497
342566411
342407566
342577210
342431012
342514742
342925294
343162459
342902319
342420411
343387668
342455888
342907284
342440427
342500055
350268644
348783671
342954039
350337093
342427366
342423340
342956869
343134987
342421070
342482304
343063798
342466836
342377322
342455151
342493145
342447125
343497657
342711280
342511300
342441227
342670346
342494895
350313013
342924131
342559952
342516150
349475939
342775376
342389368
342591922
342365939
342530771
342355526
350254525
342398336
342500535
342921079
342488368
349472936
342389624
349291443
342956752
335087334
335177473
335071213
335179032
335049524
349158327
335047247
343549416
342220555
342228871
335044103
335099941
335014684
335030854
335063087
342592128
335054292
343198032
335069472
335060257
345952394
334997863
335175725
335062568
335174751
342183928
342187945
335094033
335071072
335179685
334798196
345339188
342634425
345992242
335041687
343013900
335082798
335041737
335005682
335124830
342623006
335064366
342159738
335103933
342645298
349781187
334996808
342331337
334963014
348945387
342222429
335005401
335182986
342434115
348963703
350272264
342193869
343552717
335185468
349418723
334997426
342192747
349082800
342250388
335029450
335091708
335180949
342199726
335121414
342210721
335218301
348324658
335023255
335228243
350265499
335023198
342217189
335032033
335148334
335111068
335045951
335110904
335035671
342234325
335110748
335139077
348277286
335137188
335106720
342447281
335069100
335206017
343061131
335041877
335091997
343802799
335013132
335123519
335136792
335038121
335176749
335062881
335156832
349060756
335118675
342440740
334977972
342802766
350325704
348963786
350285792
335066098
335065108
342924354
335086633
345764856
335060786
335022299
334993698
335170940
335037354
335015541
348963729
343072468
335113841
342558673
334961497
342154259
335224333
349018903
342162823
350295980
335025037
335008306
335008256
335135562
335056867
335135208
335221479
342516796
335081949
335132452
335008215
335180857
343090999
344900717
335084794
349018457
343050597
335041307
349059444
342165222
335177325
342531811
348963885
335049771
335064515
349832782
349239905
335159679
335024956
349081851
350277717
335025987
342529906
335133039
335049391
335029914
349780999
349016857
349083865
335113775
335040887
335046637
335225942
334988797
335041141
342526662
349018119
335096277
335046025
335050423
335206587
335065413
342193620
335202479
334979440
335221164
335127445
342454071
335026662
345773527
335048609
335153276
335056768
335061941
342531787
342928173
334998465
334960614
342452497
335061735
334990967
335177689
342529757
335066288
342160983
334991403
350312666
335177382
342193786
343014486
344056080
342228244
349017509
335175923
342592771
335042222
335225207
335113791
342545191
335223160
349184281
348250275
335105953
335087789
348859125
335111670
343532222
335122388
335049573
335125340
335193264
335098240
335139218
335017471
342263324
335220562
335176608
350268811
342662269
334991171
342447760
342562790
342896131
334993417
335082087